495 131
496 145
499 159
502 172
507 185
514 197
523 207
535 215
550 216
564 213
575 204
584 193
591 180
595 167
597 153
598 140
599 126
503 124
507 115
516 111
525 110
535 113
556 112
565 108
574 107
583 109
588 117
545 123
546 133
546 143
546 154
535 158
541 160
547 161
553 159
558 156
514 128
519 125
525 124
531 126
525 127
519 128
561 124
567 121
573 121
578 123
573 124
567 124
528 174
536 172
542 171
548 172
554 170
562 169
570 170
563 180
556 185
549 187
543 187
536 184
531 174
543 174
548 174
555 172
568 171
555 180
549 181
543 181
55 137
56 150
58 164
60 177
65 190
73 201
81 213
90 224
104 227
119 225
130 216
140 205
149 194
154 180
156 166
157 152
158 137
62 128
66 121
74 119
83 120
91 124
110 125
119 123
128 123
136 125
143 130
101 136
101 146
100 157
100 167
91 172
96 174
101 176
106 174
112 172
72 136
77 133
83 133
88 137
82 138
76 138
115 138
120 134
126 135
132 138
126 139
120 139
83 187
91 189
97 188
102 190
107 188
114 189
123 188
115 195
108 198
102 199
97 198
90 195
86 189
97 192
102 193
107 192
120 189
107 192
102 193
97 192
282 138
283 149
285 160
288 171
292 182
299 193
308 202
319 209
333 210
346 207
358 200
368 191
375 180
379 168
380 154
380 140
380 126
285 128
287 119
295 114
304 114
313 116
328 114
338 109
348 107
358 109
364 116
321 125
322 133
322 141
322 149
315 156
320 157
325 158
330 156
335 154
294 132
298 128
304 127
310 129
305 131
299 132
337 126
342 122
348 122
353 124
349 125
343 126
307 173
314 171
321 170
327 170
334 168
344 167
354 167
346 177
337 182
330 183
323 183
315 180
310 174
321 172
328 172
335 171
352 169
336 177
329 178
322 178
